(1, 1, 1, '06/20/2020'),
(2, 1, 1, '06/20/2020'),
(3, 1, 1, '06/20/2020'),
(4, 1, 1, '06/20/2020'),
(5, 2, 1, '06/20/2020'),
(6, 1, 1, '06/20/2020'),
(7, 1, 1, '06/20/2020'),
(8, 2, 1, '06/20/2020'),
(9, 1, 1, '06/20/2020'),
(10, 2, 1, '06/20/2020'),
(11, 1, 1, '06/20/2020'),
(12, 1, 1, '06/20/2020'),
(13, 1, 1, '06/20/2020'),
(14, 1, 1, '06/20/2020'),
(15, 1, 1, '06/20/2020'),
(16, 1, 1, '06/20/2020'),
(17, 1, 1, '06/20/2020'),
(18, 2, 1, '06/20/2020'),
(19, 2, 1, '06/20/2020'),
(20, 1, 1, '06/20/2020'),
(21, 1, 1, '06/20/2020'),
(22, 1, 1, '06/20/2020'),
(23, 2, 1, '06/20/2020'),
(24, 1, 1, '06/20/2020'),
(25, 2, 1, '06/20/2020'),
(26, 2, 1, '06/20/2020'),
(27, 1, 1, '06/20/2020'),
(28, 1, 1, '06/20/2020'),
(29, 2, 1, '06/20/2020'),
(30, 2, 1, '06/20/2020'),
(31, 2, 1, '06/20/2020'),
(32, 1, 1, '06/20/2020'),
(33, 2, 1, '06/20/2020'),
(34, 2, 1, '06/20/2020'),
(35, 1, 1, '06/20/2020'),
(36, 1, 1, '06/20/2020'),
(37, 1, 1, '06/20/2020'),
(38, 1, 1, '06/20/2020'),
(39, 2, 1, '06/20/2020'),
(40, 1, 1, '06/20/2020'),
(41, 2, 1, '06/20/2020'),
(42, 1, 1, '06/20/2020'),
(43, 1, 1, '06/20/2020'),
(44, 1, 1, '06/20/2020'),
(45, 1, 1, '06/20/2020'),
(46, 2, 1, '06/20/2020'),
(47, 2, 1, '06/20/2020'),
(48, 1, 1, '06/20/2020'),
(49, 1, 1, '06/20/2020'),
(50, 2, 1, '06/20/2020'),
(51, 2, 1, '06/20/2020'),
(52, 2, 1, '06/20/2020'),
(53, 1, 1, '06/20/2020'),
(54, 2, 1, '06/20/2020'),
(55, 2, 1, '06/20/2020'),
(56, 1, 1, '06/20/2020'),
(57, 2, 1, '06/20/2020'),
(58, 2, 1, '06/20/2020'),
(59, 1, 1, '06/20/2020'),
(60, 1, 1, '06/20/2020'),
(61, 1, 1, '06/20/2020'),
(62, 2, 1, '06/20/2020'),
(63, 1, 1, '06/20/2020'),
(64, 2, 1, '06/20/2020'),
(1, 4, 1, '06/20/2020'),
(2, 4, 1, '06/20/2020'),
(3, 4, 1, '06/20/2020'),
(4, 3, 1, '06/20/2020'),
(5, 4, 1, '06/20/2020'),
(6, 3, 1, '06/20/2020'),
(7, 4, 1, '06/20/2020'),
(8, 4, 1, '06/20/2020'),
(9, 4, 1, '06/20/2020'),
(10, 4, 1, '06/20/2020'),
(11, 4, 1, '06/20/2020'),
(12, 4, 1, '06/20/2020'),
(13, 4, 1, '06/20/2020'),
(14, 4, 1, '06/20/2020'),
(15, 3, 1, '06/20/2020'),
(16, 3, 1, '06/20/2020'),
(17, 4, 1, '06/20/2020'),
(18, 4, 1, '06/20/2020'),
(19, 3, 1, '06/20/2020'),
(20, 3, 1, '06/20/2020'),
(21, 4, 1, '06/20/2020'),
(22, 3, 1, '06/20/2020'),
(23, 3, 1, '06/20/2020'),
(24, 3, 1, '06/20/2020'),
(25, 3, 1, '06/20/2020'),
(26, 4, 1, '06/20/2020'),
(27, 3, 1, '06/20/2020'),
(28, 4, 1, '06/20/2020'),
(29, 3, 1, '06/20/2020'),
(30, 3, 1, '06/20/2020'),
(31, 3, 1, '06/20/2020'),
(32, 4, 1, '06/20/2020'),
(33, 4, 1, '06/20/2020'),
(34, 3, 1, '06/20/2020'),
(35, 4, 1, '06/20/2020'),
(36, 4, 1, '06/20/2020'),
(37, 3, 1, '06/20/2020'),
(38, 4, 1, '06/20/2020'),
(39, 3, 1, '06/20/2020'),
(40, 4, 1, '06/20/2020'),
(41, 4, 1, '06/20/2020'),
(42, 3, 1, '06/20/2020'),
(43, 4, 1, '06/20/2020'),
(44, 4, 1, '06/20/2020'),
(45, 3, 1, '06/20/2020'),
(46, 3, 1, '06/20/2020'),
(47, 4, 1, '06/20/2020'),
(48, 3, 1, '06/20/2020'),
(49, 4, 1, '06/20/2020'),
(50, 3, 1, '06/20/2020'),
(51, 3, 1, '06/20/2020'),
(52, 3, 1, '06/20/2020'),
(53, 3, 1, '06/20/2020'),
(54, 3, 1, '06/20/2020'),
(55, 4, 1, '06/20/2020'),
(56, 4, 1, '06/20/2020'),
(57, 3, 1, '06/20/2020'),
(58, 4, 1, '06/20/2020'),
(59, 3, 1, '06/20/2020'),
(60, 3, 1, '06/20/2020'),
(61, 4, 1, '06/20/2020'),
(62, 4, 1, '06/20/2020'),
(63, 4, 1, '06/20/2020'),
(64, 4, 1, '06/20/2020'),
(1, 5, 1, '06/20/2020'),
(2, 5, 1, '06/20/2020'),
(3, 6, 1, '06/20/2020'),
(4, 5, 1, '06/20/2020'),
(5, 5, 1, '06/20/2020'),
(6, 6, 1, '06/20/2020'),
(7, 5, 1, '06/20/2020'),
(8, 5, 1, '06/20/2020'),
(9, 5, 1, '06/20/2020'),
(10, 6, 1, '06/20/2020'),
(11, 6, 1, '06/20/2020'),
(12, 6, 1, '06/20/2020'),
(13, 6, 1, '06/20/2020'),
(14, 5, 1, '06/20/2020'),
(15, 6, 1, '06/20/2020'),
(16, 6, 1, '06/20/2020'),
(17, 6, 1, '06/20/2020'),
(18, 6, 1, '06/20/2020'),
(19, 5, 1, '06/20/2020'),
(20, 5, 1, '06/20/2020'),
(21, 6, 1, '06/20/2020'),
(22, 5, 1, '06/20/2020'),
(23, 5, 1, '06/20/2020'),
(24, 6, 1, '06/20/2020'),
(25, 6, 1, '06/20/2020'),
(26, 5, 1, '06/20/2020'),
(27, 5, 1, '06/20/2020'),
(28, 6, 1, '06/20/2020'),
(29, 6, 1, '06/20/2020'),
(30, 5, 1, '06/20/2020'),
(31, 5, 1, '06/20/2020'),
(32, 5, 1, '06/20/2020'),
