(1, 1, 1, 1,'6/20/2020'),
(1, 1, 2, 1,'6/20/2020'),
(1, 1, 3, 1,'6/20/2020'),
(1, 1, 4, 1,'6/20/2020'),
(1, 2, 5, 1,'6/20/2020'),
(1, 2, 6, 1,'6/20/2020'),
(1, 2, 7, 1,'6/20/2020'),
(2, 2, 1, 1,'6/20/2020'),
(2, 2, 2, 1,'6/20/2020'),
(2, 2, 3, 1,'6/20/2020'),
(2, 2, 4, 1,'6/20/2020'),
(2, 2, 5, 1,'6/20/2020'),
(2, 3, 6, 1,'6/20/2020'),
(2, 3, 7, 1,'6/20/2020'),
(3, 1, 1, 1,'6/20/2020'),
(3, 1, 2, 1,'6/20/2020'),
(3, 1, 3, 1,'6/20/2020'),
(3, 1, 4, 1,'6/20/2020'),
(3, 3, 5, 1,'6/20/2020'),
(3, 3, 6, 1,'6/20/2020'),
(3, 3, 7, 1,'6/20/2020'),
(4, 2, 1, 1,'6/20/2020'),
(4, 2, 2, 1,'6/20/2020'),
(4, 2, 3, 1,'6/20/2020'),
(4, 2, 4, 1,'6/20/2020'),
(4, 3, 5, 1,'6/20/2020'),
(4, 3, 6, 1,'6/20/2020'),
(4, 3, 7, 1,'6/20/2020'),
(5, 2, 1, 1,'6/20/2020'),
(5, 2, 2, 1,'6/20/2020'),
(5, 2, 3, 1,'6/20/2020'),
(5, 2, 4, 1,'6/20/2020'),
(5, 2, 5, 1,'6/20/2020'),
(5, 2, 6, 1,'6/20/2020'),
(5, 2, 7, 1,'6/20/2020'),
(6, 1, 1, 1,'6/20/2020'),
(6, 1, 2, 1,'6/20/2020'),
(6, 1, 3, 1,'6/20/2020'),
(6, 1, 4, 1,'6/20/2020'),
(6, 1, 5, 1,'6/20/2020'),
(6, 1, 6, 1,'6/20/2020'),
(6, 1, 7, 1,'6/20/2020'),
(7, 2, 1, 1,'6/20/2020'),
(7, 2, 2, 1,'6/20/2020'),
(7, 2, 3, 1,'6/20/2020'),
(7, 3, 4, 1,'6/20/2020'),
(7, 3, 5, 1,'6/20/2020'),
(7, 3, 6, 1,'6/20/2020'),
(7, 3, 7, 1,'6/20/2020'),
(8, 1, 1, 1,'6/20/2020'),
(8, 1, 2, 1,'6/20/2020'),
(8, 1, 3, 1,'6/20/2020'),
(8, 3, 4, 1,'6/20/2020'),
(8, 3, 5, 1,'6/20/2020'),
(8, 3, 6, 1,'6/20/2020'),
(8, 3, 7, 1,'6/20/2020'),
(9, 2, 1, 1,'6/20/2020'),
(9, 2, 2, 1,'6/20/2020'),
(9, 2, 3, 1,'6/20/2020'),
(9, 2, 4, 1,'6/20/2020'),
(9, 1, 5, 1,'6/20/2020'),
(9, 1, 6, 1,'6/20/2020'),
(9, 1, 7, 1,'6/20/2020'),
(10, 2, 1, 1,'6/20/2020'),
(10, 2, 2, 1,'6/20/2020'),
(10, 2, 3, 1,'6/20/2020'),
(10, 3, 4, 1,'6/20/2020'),
(10, 3, 5, 1,'6/20/2020'),
(10, 3, 6, 1,'6/20/2020'),
(10, 3, 7, 1,'6/20/2020'),
