(1, 2, 1, '06/20/2020'),
(2, 1, 1, '06/20/2020'),
(3, 2, 1, '06/20/2020'),
(4, 1, 1, '06/20/2020'),
(5, 2, 1, '06/20/2020'),
(6, 1, 1, '06/20/2020'),
(7, 2, 1, '06/20/2020'),
(8, 1, 1, '06/20/2020'),
(9, 1, 1, '06/20/2020'),
(10, 1, 1, '06/20/2020'),
(11, 1, 1, '06/20/2020'),
(12, 2, 1, '06/20/2020'),
(13, 1, 1, '06/20/2020'),
(14, 2, 1, '06/20/2020'),
(15, 2, 1, '06/20/2020'),
(16, 1, 1, '06/20/2020'),
(17, 2, 1, '06/20/2020'),
(18, 1, 1, '06/20/2020'),
(19, 1, 1, '06/20/2020'),
(20, 1, 1, '06/20/2020'),
(21, 2, 1, '06/20/2020'),
(22, 2, 1, '06/20/2020'),
(23, 2, 1, '06/20/2020'),
(24, 2, 1, '06/20/2020'),
(25, 1, 1, '06/20/2020'),
(26, 1, 1, '06/20/2020'),
(27, 1, 1, '06/20/2020'),
(28, 1, 1, '06/20/2020'),
(29, 1, 1, '06/20/2020'),
(30, 1, 1, '06/20/2020'),
(31, 2, 1, '06/20/2020'),
(32, 1, 1, '06/20/2020'),
(33, 1, 1, '06/20/2020'),
(34, 2, 1, '06/20/2020'),
(35, 2, 1, '06/20/2020'),
(36, 2, 1, '06/20/2020'),
(37, 2, 1, '06/20/2020'),
(38, 2, 1, '06/20/2020'),
(39, 2, 1, '06/20/2020'),
(40, 1, 1, '06/20/2020'),
(41, 1, 1, '06/20/2020'),
(42, 1, 1, '06/20/2020'),
(43, 1, 1, '06/20/2020'),
(44, 2, 1, '06/20/2020'),
(45, 2, 1, '06/20/2020'),
(46, 1, 1, '06/20/2020'),
(47, 2, 1, '06/20/2020'),
(48, 2, 1, '06/20/2020'),
(49, 2, 1, '06/20/2020'),
(50, 2, 1, '06/20/2020'),
(51, 2, 1, '06/20/2020'),
(52, 1, 1, '06/20/2020'),
(53, 1, 1, '06/20/2020'),
(54, 1, 1, '06/20/2020'),
(55, 1, 1, '06/20/2020'),
(56, 2, 1, '06/20/2020'),
(57, 2, 1, '06/20/2020'),
(58, 1, 1, '06/20/2020'),
(59, 2, 1, '06/20/2020'),
(60, 1, 1, '06/20/2020'),
(61, 1, 1, '06/20/2020'),
(62, 1, 1, '06/20/2020'),
(63, 1, 1, '06/20/2020'),
(64, 2, 1, '06/20/2020'),
(1, 4, 1, '06/20/2020'),
(2, 4, 1, '06/20/2020'),
(3, 4, 1, '06/20/2020'),
(4, 4, 1, '06/20/2020'),
(5, 4, 1, '06/20/2020'),
(6, 3, 1, '06/20/2020'),
(7, 4, 1, '06/20/2020'),
(8, 4, 1, '06/20/2020'),
(9, 4, 1, '06/20/2020'),
(10, 4, 1, '06/20/2020'),
(11, 4, 1, '06/20/2020'),
(12, 3, 1, '06/20/2020'),
(13, 3, 1, '06/20/2020'),
(14, 4, 1, '06/20/2020'),
(15, 3, 1, '06/20/2020'),
(16, 3, 1, '06/20/2020'),
(17, 4, 1, '06/20/2020'),
(18, 4, 1, '06/20/2020'),
(19, 3, 1, '06/20/2020'),
(20, 3, 1, '06/20/2020'),
(21, 4, 1, '06/20/2020'),
(22, 4, 1, '06/20/2020'),
(23, 4, 1, '06/20/2020'),
(24, 3, 1, '06/20/2020'),
(25, 3, 1, '06/20/2020'),
(26, 3, 1, '06/20/2020'),
(27, 4, 1, '06/20/2020'),
(28, 4, 1, '06/20/2020'),
(29, 4, 1, '06/20/2020'),
(30, 3, 1, '06/20/2020'),
(31, 4, 1, '06/20/2020'),
(32, 4, 1, '06/20/2020'),
(33, 4, 1, '06/20/2020'),
(34, 3, 1, '06/20/2020'),
(35, 4, 1, '06/20/2020'),
(36, 4, 1, '06/20/2020'),
(37, 4, 1, '06/20/2020'),
(38, 4, 1, '06/20/2020'),
(39, 4, 1, '06/20/2020'),
(40, 3, 1, '06/20/2020'),
(41, 3, 1, '06/20/2020'),
(42, 3, 1, '06/20/2020'),
(43, 4, 1, '06/20/2020'),
(44, 3, 1, '06/20/2020'),
(45, 4, 1, '06/20/2020'),
(46, 3, 1, '06/20/2020'),
(47, 3, 1, '06/20/2020'),
(48, 4, 1, '06/20/2020'),
(49, 3, 1, '06/20/2020'),
(50, 3, 1, '06/20/2020'),
(51, 3, 1, '06/20/2020'),
(52, 3, 1, '06/20/2020'),
(53, 3, 1, '06/20/2020'),
(54, 3, 1, '06/20/2020'),
(55, 3, 1, '06/20/2020'),
(56, 3, 1, '06/20/2020'),
(57, 3, 1, '06/20/2020'),
(58, 3, 1, '06/20/2020'),
(59, 4, 1, '06/20/2020'),
(60, 3, 1, '06/20/2020'),
(61, 4, 1, '06/20/2020'),
(62, 3, 1, '06/20/2020'),
(63, 4, 1, '06/20/2020'),
(64, 3, 1, '06/20/2020'),
(1, 6, 1, '06/20/2020'),
(2, 5, 1, '06/20/2020'),
(3, 6, 1, '06/20/2020'),
(4, 5, 1, '06/20/2020'),
(5, 6, 1, '06/20/2020'),
(6, 6, 1, '06/20/2020'),
(7, 5, 1, '06/20/2020'),
(8, 5, 1, '06/20/2020'),
(9, 5, 1, '06/20/2020'),
(10, 5, 1, '06/20/2020'),
(11, 5, 1, '06/20/2020'),
(12, 5, 1, '06/20/2020'),
(13, 5, 1, '06/20/2020'),
(14, 5, 1, '06/20/2020'),
(15, 6, 1, '06/20/2020'),
(16, 6, 1, '06/20/2020'),
(17, 6, 1, '06/20/2020'),
(18, 5, 1, '06/20/2020'),
(19, 5, 1, '06/20/2020'),
(20, 6, 1, '06/20/2020'),
(21, 5, 1, '06/20/2020'),
(22, 5, 1, '06/20/2020'),
(23, 6, 1, '06/20/2020'),
(24, 6, 1, '06/20/2020'),
(25, 6, 1, '06/20/2020'),
(26, 5, 1, '06/20/2020'),
(27, 6, 1, '06/20/2020'),
(28, 6, 1, '06/20/2020'),
(29, 5, 1, '06/20/2020'),
(30, 6, 1, '06/20/2020'),
(31, 6, 1, '06/20/2020'),
(32, 5, 1, '06/20/2020'),
